network,providerKey,runner,0_KittypunchSwap_PageInit(waiting),0_KittypunchSwap_PageInit(completed),0_TransferAction(waiting),0_TransferAction(completed),1_GetBalance_Await_hash(waiting),1_GetBalance_Await_hash(completed),1_SwapClick_FlowToUsdf(waiting),1_SwapClick_FlowToUsdf(completed),1_SwapClick_UsdfToFlow(waiting),1_SwapClick_UsdfToFlow(completed),2_SignTransaction(waiting),2_SignTransaction(completed),2_WaitForTransactionExecuted(waiting),2_WaitForTransactionExecuted(completed),2_WaitForTransactionReceipt(waiting),2_WaitForTransactionReceipt(completed),3_GetBalance_Await_receipt->Change(waiting),3_GetBalance_Await_receipt->Change(completed),3_TransactionComplete(waiting),3_TransactionComplete(completed),4_WaitForTransactionSealed(waiting),4_WaitForTransactionSealed(completed)
testnet,default,transfer-test,,,0,552,560,569,,,,,,,,,561,6841,6886,6896,,,,
testnet,default,transfer-erc20-test,,,0,259,306,318,,,,,,,,,309,6587,6635,6645,,,,
testnet,default,transfer-cadence-soft-finality-test,,,0,462,465,509,,,,,,,466,3635,,,3680,3723,,,467,7843
testnet,default,transfer-cadence-test,,,0,350,355,388,,,,,,,355,4575,,,4591,7652,,,356,7705
mainnet,default,transfer-test,,,0,810,815,825,,,,,,,,,816,7100,7146,7155,,,,
mainnet,default,transfer-cadence-soft-finality-test,,,0,459,506,558,,,,,,,507,10331,,,10357,10409,,,508,11341
testnet,ALCHEMY_URL,transfer-test,,,0,574,613,659,,,,,,,,,614,4014,4035,4068,,,,
testnet,ALCHEMY_URL,transfer-erc20-test,,,0,461,459,504,,,,,,,,,462,3822,3832,3885,,,,
mainnet,ALCHEMY_URL,transfer-test,,,0,623,664,706,,,,,,,,,664,7178,7194,7226,,,,
testnet,QUICKNODE_URL,transfer-test,,,0,367,407,417,,,,,,,,,408,3476,3525,3533,,,,
testnet,QUICKNODE_URL,transfer-erc20-test,,,0,379,408,420,,,,,,,,,411,3479,3525,3535,,,,
mainnet,QUICKNODE_URL,transfer-test,,,0,415,457,468,,,,,,,,,459,6742,6790,6799,,,,
mainnet,default,headless-kittypunch-swap-3,0,18357,,,,,18383,21018,,,21042,36728,,,,,,,36730,44094,,
mainnet,default,headless-kittypunch-swap-4,0,1581,,,,,,,1587,4599,4610,20437,,,,,,,20460,27804,,