network,providerKey,runner,0_KittypunchSwap_PageInit(waiting),0_KittypunchSwap_PageInit(completed),0_TransferAction(waiting),0_TransferAction(completed),1_GetBalance_Await_hash(waiting),1_GetBalance_Await_hash(completed),1_SwapClick_FlowToUsdf(waiting),1_SwapClick_FlowToUsdf(completed),1_SwapClick_UsdfToFlow(waiting),1_SwapClick_UsdfToFlow(completed),2_SignTransaction(waiting),2_SignTransaction(completed),2_WaitForTransactionExecuted(waiting),2_WaitForTransactionExecuted(completed),2_WaitForTransactionReceipt(waiting),2_WaitForTransactionReceipt(completed),3_GetBalance_Await_receipt->Change(waiting),3_GetBalance_Await_receipt->Change(completed),3_TransactionComplete(waiting),3_TransactionComplete(completed),4_WaitForTransactionSealed(waiting),4_WaitForTransactionSealed(completed)
testnet,default,transfer-test,,,0,693,709,741,,,,,,,,,710,3966,3978,4009,,,,
testnet,default,transfer-erc20-test,,,0,704,708,744,,,,,,,,,711,7174,7220,7254,,,,
testnet,default,transfer-cadence-soft-finality-test,,,0,1151,1189,1248,,,,,,,1190,5351,,,5373,5429,,,1191,8480
testnet,default,transfer-cadence-test,,,0,480,492,573,,,,,,,492,4717,,,4721,6844,,,494,7848
mainnet,default,transfer-test,,,0,752,754,760,,,,,,,,,755,13408,13416,13421,,,,
mainnet,default,transfer-cadence-soft-finality-test,,,0,421,453,515,,,,,,,453,6524,,,6535,6585,,,454,10691
testnet,ALCHEMY_URL,transfer-test,,,0,424,449,493,,,,,,,,,450,3702,3715,3759,,,,
testnet,ALCHEMY_URL,transfer-erc20-test,,,0,477,503,551,,,,,,,,,506,3751,3771,3809,,,,
mainnet,ALCHEMY_URL,transfer-test,,,0,424,452,477,,,,,,,,,453,6912,6928,6956,,,,
testnet,QUICKNODE_URL,transfer-test,,,0,257,302,308,,,,,,,,,303,3345,3364,3371,,,,
testnet,QUICKNODE_URL,transfer-erc20-test,,,0,295,305,314,,,,,,,,,308,3347,3375,3381,,,,
mainnet,QUICKNODE_URL,transfer-test,,,0,343,355,362,,,,,,,,,356,6598,6643,6649,,,,
mainnet,default,headless-kittypunch-swap-1,0,21455,,,,,21494,30780,,,30786,49198,,,,,,,49216,55586,,
mainnet,default,headless-kittypunch-swap-2,0,2861,,,,,,,2891,9427,9436,27551,,,,,,,27556,34085,,
mainnet,default,headless-kittypunch-swap-3,0,18279,,,,,18299,27610,,,27660,43432,,,,,,,43440,50780,,
mainnet,default,headless-kittypunch-swap-4,0,1593,,,,,,,1607,7767,7780,23579,,,,,,,23604,30951,,